14
0 50.0 100 100 aigle.jpg
1 50.0 250 100 raton.jpg
2 50.0 400 100 serpent.jpg
3 50.0 550 100 merle.jpg
4 50.0 700 100 oiseau1.jpg
5 50.0 100 300 guepe.jpg
6 50.0 250 300 crapeau.jpg
7 50.0 400 300 souris.jpg
8 50.0 550 300 fourmis.jpg
9 50.0 700 300 abeille.jpg
10 50.0 100 500 plante.jpg
11 50.0 250 500 limace.jpg
12 50.0 400 500 criquet.jpg
13 50.0 550 500 verre.jpg
30
0 0 1 30.0
1 0 3 30.0
2 0 4 40.0
3 3 1 100.0
4 2 3 30.0
5 2 7 40.0
6 2 6 30.0
7 3 6 40.0
8 3 7 40.0
9 3 4 20.0
10 6 5 10.0
11 6 11 10.0
12 6 8 20.0
13 6 7 20.0
14 6 13 20.0
15 6 12 30.0
16 7 8 20.0
17 7 11 20.0
18 7 12 20.0
19 7 13 40.0
20 8 12 50.0
21 8 11 50.0
22 4 8 30.0
23 4 5 30.0
24 4 13 40.0
25 5 9 100.0
26 9 10 100.0
27 13 10 100.0
28 12 10 100.0
29 11 10 100.0


